1000
1
2
3
4
5
6
7
8
9
10
11
12
13
14
15
16
17
18
19
20
21
22
23
24
25
26
27
28
29
30
31
32
33
34
35
36
37
38
39
40
41
42
43
44
45
46
47
48
49
50
51
52
53
54
55
56
57
58
59
60
61
62
63
64
65
66
67
68
69
70
71
72
73
74
75
76
77
78
79
80
81
82
83
84
85
86
87
88
89
90
91
92
93
94
95
96
97
98
99
104
110
121
133
144
150
156
158
160
161
170
174
176
183
197
198
199
218
236
241
246
257
264
276
283
294
300
337
384
400
421
442
450
476
499
501
508
521
537
564
566
574
636
637
641
679
720
768
847
934
937
991
993
998
1032
1136
1141
1193
1208
1299
1328
1355
1383
1395
1471
1515
1667
1783
1853
1865
1956
1968
1970
2244
2274
2336
2357
2435
2545
2647
2750
2862
2895
2965
3026
3070
3236
3264
3411
3540
3612
3769
3960
4108
4275
4527
4587
4604
4917
5483
5664
5676
5942
6133
6219
6506
6509
6718
6756
6792
6998
7025
7256
8106
8173
10040
10205
11015
11327
11433
11614
11843
11896
12716
12739
13911
14130
14146
14943
17060
18115
18875
23422
26631
27485
29580
31497
32090
36328
36893
37582
37828
38033
38482
39770
43145
47634
50288
50659
52041
52312
57120
58702
60405
63878
64759
65468
66571
72930
72971
73476
74348
76829
77720
79584
79739
88870
90063
93615
94743
104568
107958
115454
119423
122686
123168
123816
125396
135676
139821
160400
169662
177163
184762
194006
202427
227645
230837
243644
250629
277271
325590
329183
332226
337940
342428
345236
356615
366458
367468
368235
371227
372127
391844
397776
421493
428608
438417
439941
452834
465333
470019
473217
481754
493415
495024
572626
578018
601222
616995
634343
635891
701239
718039
729984
751642
792814
824207
858336
884665
938545
1044749
1114963
1161779
1243489
1293451
1475045
1475913
1545274
1559096
1656710
1773849
1934074
1939019
1976655
2105000
2164201
2197859
2206849
2258637
2279905
2361202
2493847
2555304
2560245
2682924
2696370
2845238
2870818
2965846
2970898
3032167
3077917
3572332
3641688
3699120
3707668
3833513
3861409
3917790
3965754
4256646
4281061
4381134
4461504
4498389
5251015
5379500
5450397
5497333
5568413
5656955
5784432
5919153
6007354
6220425
6300314
7162240
7645207
7689935
7894939
8227083
8754794
9716873
10101305
10166991
10674410
11074509
11121511
11227266
11680305
11705756
12306506
12733872
13593815
13747391
13791712
13819819
14784844
15293704
15929169
16490611
17393477
18064875
18167729
18455912
20146735
21659710
23541252
23847482
23853333
24254990
24687806
25144726
27034867
27519524
28442020
29299553
30507005
33980011
45295987
45943610
47504510
48041904
54930274
62620069
62708866
62743955
67456670
71086023
71663116
75951538
78308347
80582553
84244725
88725258
89239333
95725720
98023361
108217648
108807826
110217535
115769945
118790347
127683420
129635545
142667035
148764327
154868351
156294024
165000410
165001551
168713220
169366196
169549876
172352955
176715943
189251947
191179511
194922846
200322238
201039659
215821684
216417335
226109185
229184201
231387765
234316459
245743633
253833114
306319497
309031087
316588363
316955613
322174851
343333617
362031945
402085059
410307710
429846906
442178462
451606229
469554328
471826288
488920962
508985749
519843544
529462799
563634857
660221199
682163307
686084445
981385720
1035220979
1143865024
1199334036
1229091745
1234688383
1264285879
1323472301
1352326447
1381874292
1505109978
1604278074
1612375905
1669139268
1683165187
1724608427
1874491636
1917711183
1925008513
1994884357
2080901281
2094098515
2248677204
2264359750
2451360434
2637605497
2641348747
2738322109
2864589253
2915603855
2942236959
3100442183
3119469136
3247539282
3295585693
3429275461
3497962725
4075833880
4185145891
4502314117
4586719411
4622306838
4875012330
4930090472
5241148573
5379058254
5415099269
6915880957
7242514336
7342987846
7493059251
7508392429
7941919851
8530898838
8546879902
10126580807
10412648292
11199876614
11808636466
12999865841
13339118374
14092318630
14595532849
14773454976
15256971662
15490626819
15525733819
15762007545
16181913555
16226300177
16265354447
18216579563
18349693816
18636739121
19592386779
20552985646
20913529066
20916139426
21201003804
21382071299
22424866647
23299842948
23366900578
25710639559
27746132018
27761162228
28663736589
29569002834
30028572102
32453723724
33779441861
34768333434
36584296488
37156994889
37336035250
38835931174
39134573622
40664981875
44156003013
48243048889
50734911207
50796074592
53157660306
53867598215
55636108957
55811465484
56625660602
57064395910
65693259877
66931472322
70277249634
79744514488
81915048879
89079749175
98008853209
100138224528
100433567601
102805946162
103049381856
109543064937
112548525606
114734368229
119287918699
134796810032
135806385937
152681519111
160164496385
179525854805
181024595659
190173206993
201442677756
212691509914
253394902646
285154539498
291976154960
299054175891
304784952264
325836803586
330477137701
417494295629
422990557703
423367598889
432287511497
504639971015
550344415436
571828853971
601173853373
704613844229
727992604197
762714887529
850257473289
942057993023
1012850694850
1046879999066
1097117834756
1140227496313
1210201990324
1265511655966
1310487260540
1357054219470
1380346153983
1488094473469
1532685652866
1611022463438
1630861933782
1730971443878
1861545701927
2322756927603
2366687535385
2441739774013
2843263292812
2946983944729
2957219845688
3020875684247
3164732825398
3262783788227
3875467974809
3939903101898
3955649381989
4320431534460
4461904706797
4618014905243
4959717448215
5097249399670
5396371244546
5464555102665
5554419212598
5578035065207
5676727929665
6232650690110
6275146690880
6310001162326
6513997505797
6636964562113
6818307974984
6975808826354
7058634807644
7206016812250
7237018506202
7409218227938
7657594857978
7744497865070
7928240390410
8681304477623
8971628631913
9623398213631
9984906288633
10489097705149
10974654034505
11187677508817
11349440460045
11367758302481
12026964542993
12691041307709
13182919217923
14059769927527
15300082332799
16268817622704
16646019516938
16802530195344
17328273983469
17859789090940
18776509385785
20746587968353
21046354377389
21126134542061
22251118092949
24775502781204
24895840286463
24957459622490
25067263670988
25962783240520
26193281694357
29546308191443
29631006169211
32668788849654
32767624334253
32785655239371
33913166754131
34503850553404
35779345958119
36825970058984
38846213892091
41493972066733
43242157494258
46683891539403
47412675146798
49092859618119
50595363633191
50807552033504
54016586387033
62212144956907
63279543548095
64226917853615
64948432606913
65518518129890
80640676318799
81927372411779
83039485291476
90373679795086
97272785583300
98558629840335
106027741876819
106568753702048
121643376400787
122625535818510
129956379693904
157270189739576
160867611550951
171180037383915
173358056140345
173889784836182
196568010954799
200339653999029
217083048313070
257130369348985
260996026835956
271288615585658
286355485923826
291321492913150
295482752954514
306327990633026
310375932659239
328257596868219
349308202846180
354833701660262
356259675287246
362424737797582
378993643204011
403142382562567
450651101642228
459816399524379
469343514461375
531428735521617
590370559094456
599216515906060
607545895507592
679742872998423
681949023027367
702273020541284
719893755201141
727354520697700
793727560857438
797661157684579
806866941059655
839645097931216
920372536871514
934288689956280
934364288865608
992270853094675
1056490523250720
1056627048698482
1121623218626834
1217909471501426
1312090998604908
1313858603496792
1357039835688338
1424946174308660
1461280855255536
1533651369342538
1683088129455262
1715449580851008
1732749103896542
1840038943559573
1923612282079478
2028994347175965
2115411745691572
2136125202812985
2187087067620082
2293041254628304
2425292676829598
2532716273838268
2635739427237662
2658569898134298
3090776973065416
3276702590143308
3503797920902473
3789352611957592
3796033646444964
4023953469085670
4165276867756746
4208495494820612
4695901167935382
4789419239993114
5098259468524961
5249718221147060
5389519731477469
6243851489244520
6557834786086237
6583068872555846
6648496333139540
6860146945375059
7186898200016176
7189491933470253
7351566943012122
7391513072017941
7417985727171536
7468439241610523
7897138190408762
8037624468173740
8242536189217164
9287653847999200
9459894494361324
9789243285147278
10391344094515822
10474003894508946
10516489744342080
10836058753406360
10921088623447552
11127268949947308
11305036423463440
12150168783741600
12846215671449104
13826045360859386
14402554179232728
15979081363867400
17171552107858606
17778825452871364
18600723033836520
18781330855952296
19420403372825584
19594084895846416
20327895515868804
20931731612256744
21204553561306068
22012302862201976
24078009972236880
24484653929191988
25626821432166248
26616061827326936
26768396406960920
29893504964964000
31223733906096688
38093251114754056
41142903656208024
41829272892340192
43273413495720760
44730857927081648
46108972751740568
49659429883233336
51511571018003704
51902142322772752
52540877405955872
53109808764862984
54313249320058648
59969114205821936
62901049890595168
63250676538163864
72956966312000576
74638997500884224
79664055866333936
81568556377381600
81572816872932848
82425600893872256
94644524446027216
105513009934814512
106062326729164384
111126396790239616
113882258695674736
114171532210758288
117064195654680240
118168193309660112
152799296952088960
160356076066334400
161387550753044224
161457993111940032
162715163672970528
167422586919905472
167772985522929792
169780375932077760
170305521858397632
194613147698544960
202631127843976000
216050886991752160
217783536805651328
224189667326652512
230338798623833120
245647568233543840
248961989076353440
264938227383485888
286603687771893344
292133952987991360
296058621914170944
302461701999595840
325902823403759232
329953499895137920
353268473211518080
353962835023519040
380942845344220736
400900910032103360
406456383373755776
442796865744828928
457004478345110656
496095532633600960
521819911959740032
549932972748478080
665037788089873280
706084230781428096
758992422346419712
759039023490010624
766050017167217280
770703845604131840
787192370293289344
807084080227526400
849915444117174784
918747763268364672
941150186158563584
1000836809886458496
1029462473304382720
1132072416106948736
1132304983543956992
1246550198985243392
1262341220162993152
1270053341979957760
1295947805853941760
1318799717182377216
1350865329813949440
1359094479130695680
1387026693641159168
1426644035467225344
1532092570847610112
1667752729389825280
1836084503907764224
1867042510042167040
2145295603466832896
2231524285417198848
2232771052527589376
2233259902635011840
2445247630617233920
2471303308056663040
2550714916670429696
3212831416225091584
3859385780015786496
3932403816702654464
4096939381933002240
4238011694709981696
4336402295622147072
4376838165791489536
4425127656092934656
